49 0 37 17
22 49 -20 -36
5 -14 -17 19
34 47 -10 -35
14 27 -23 25
-44 23 -2 -28
9 -20 -7 -47
6 8 -37 6
-49 39 5 -23
7 -46 1 -48
-4 1 -25 48
18 -24 -12 -45
24 -42 25 37
37 6 37 50
43 35 14 10
-7 -15 -19 17
-50 -33 30 37
30 45 8 -12
37 44 1 3
26 -37 19 20
5 12 -4 5
7 14 -27 -49
50 28 30 -22
-24 44 5 45
21 42 17 19
39 -10 23 -21
-19 17 50 -5
50 -9 -29 31
-39 13 -37 -11
48 17 50 -4
-21 -40 -20 -15
20 38 -17 44
13 34 30 -46
48 46 -29 -7
-7 10 -16 30
-30 -26 -46 8
22 -16 0 -17
-8 42 33 36
23 -16 5 38
37 -23 38 23
49 28 12 -35
-23 -11 49 -13
-16 21 30 25
-8 -12 -2 -6
-40 20 -12 50
12 -30 22 -33
-17 -42 -21 -44
-13 -3 7 -29
32 40 36 -11
-28 24 36 25
